0111111111111111111111110
0100000000001000000000010
0111111111111111111111110
0100000000001000000000010
0111111111111111111111110
0100000000001000000000010
0111111111111111111111110
0100000000101011111110110
0111111111101000011011110
0100000100001011110000010
0111111111111101011111110
0100000000001101011111110
0111111111111101011111110
0101000000001001000000010
0101011111111111111111110
0101010000001001111100010
0111111110011111111111110
0100000000001000000000010
0111111000001111111111110
0111111000001001111000010
0111111111111101011111110
0100000000001101010000010
0111100001111111011111110
0100110000001001000000010
0101111111111111111111110
0101010000001000000000010
0101110111111111111111110
0101010000001011111110010
0111111111111000000000010
0100000000001000000000010
