0111111111111111111111110
0100000000001000001111110
0101111111101000001000010
0101000000101111111000010
0101011110101000001000000
0101000010101111111111110
0101111110101000000010000
0100000000101011111110110
0111111111101000011011110
0000000100001011110000010
0111111111111101011111110
0000000000000101011111110
0111111111111101011111110
0101000000000001000000010
0101011111111111111111110
0101010000001000000000000
0111111111111111111111110
0100000000001000000000010
0111111111111111111111110
0100000000001000000000010
0111111111111101011111110
0000000000000101011111110
0111111111111101011111110
0101000000000001000000010
0101011111111111111111110
0101010000001000000000000
0111111111111111111111110
0100000000001000000000010
0111111111111111111111110
0100000000001000000000010
