0111111111111111111111110
0100000000001000001111110
0101111111101000001000010
0101000000101111111000010
0101011110101000001000000
0101000010101111111111110
0101111110101000000010000
0100000000101011111110110
0111111111101000011011110
0000000100001011110000010
0112111111111101011111110
0000000000000101011111110
0111111111111101011111110
0101000000000001000000010
0201011111111111121111110
0101010000001000000000000
0111111111111111111111110
0100000000001000000000010
0111111111111111211111110
0100000000001000000000010
0112111111111101011111110
0000000000000101011111110
0112111111111101011111110
0101000000000001000000010
0101011111111111111111110
0201010000001000000000000
0111111111111111111211110
0000000000001000000000010
0111111111111111111111110
0100000000001000000000010
0111111111211111111211110
0100000000001000000000010
0111111111111111111111110
0100000000001000000000010
0111111111112111111111110
0100000000001000000000010
0111112111111111111111110
0000000000101011111110110
0111111111101000011011110
0100000100001011110000010
0111112111111101011111110
0000000000001101011111110
0111111111111101011111110
0101000000001001000000010
0101011111111111112111110
0101010000001001111100010
0111121110011111111111110
0100000000001000000000000
0111111000001111111111110
0111111000001001111000010
0111111111111101011111120
0100000000001101010000010
0111100001111111012111110
0100110000001001000000010
0101111121111111111111110
0101010000001000000000010
0101110111111111111111110
0101010000001011112110010
0111121111111000000000010
0000000000000000000000000
