0000000000000000000000000
0111111111111111111111110
0111111111111111111111110
0110001000100010111111110
0110111010101010111111110
0110001000100010001111110
0111111111111111111111110
0111111111111111111111110
0111111111111111111111110
0111111111111111111111110
0121111111111111111211110
0111111111111111111111110
0111111111111111111111110
0111111111111101011111110
0000000000000101011111110
0211111111111101011111110
0101000000000001000000010
0101011111111111111111110
0101010000001000000000000
0111111111111112111111110
0100000000001000000000010
0111211111111111111111110
0100000000001000000000010
0111111111111111111111110
0000000000000000000000000